DATASET_BINARY
SEPARATOR TAB
DATASET_LABEL	R-M binary convenience (NA omitted)
COLOR	#26828e
FIELD_SHAPES	1	1	1	1
FIELD_LABELS	I	II (including IIG)	III	IV
FIELD_COLORS	#26828e	#e6a100	#9467bd	#d55e00
DATA
TEST_00000001.1	1	0	-1	1
TEST_00000002.1	0	-1	1	0
TEST_00000003.1	-1	1	0	-1
TEST_00000004.1	1	0	-1	1
TEST_00000005.1	0	-1	1	0
TEST_00000006.1	-1	1	0	-1
TEST_00000007.1	1	0	-1	1
TEST_00000008.1	0	-1	1	0
TEST_00000009.1	-1	1	0	-1
TEST_00000010.1	1	0	-1	1
TEST_00000011.1	0	-1	1	0
TEST_00000012.1	-1	1	0	-1
TEST_00000013.1	1	0	-1	1
TEST_00000014.1	0	-1	1	0
TEST_00000015.1	-1	1	0	-1
TEST_00000016.1	1	0	-1	1
TEST_00000017.1	0	-1	1	0
TEST_00000018.1	-1	1	0	-1
TEST_00000019.1	1	0	-1	1
TEST_00000020.1	0	-1	1	0
TEST_00000021.1	-1	1	0	-1
TEST_00000022.1	1	0	-1	1
TEST_00000023.1	0	-1	1	0
TEST_00000024.1	-1	1	0	-1
TEST_00000025.1	1	0	-1	1
TEST_00000026.1	0	-1	1	0
TEST_00000027.1	-1	1	0	-1
TEST_00000028.1	1	0	-1	1
TEST_00000029.1	0	-1	1	0
TEST_00000030.1	-1	1	0	-1
TEST_00000031.1	1	0	-1	1
TEST_00000032.1	0	-1	1	0
TEST_00000033.1	-1	1	0	-1
TEST_00000034.1	1	0	-1	1
TEST_00000035.1	0	-1	1	0
TEST_00000036.1	-1	1	0	-1
TEST_00000037.1	1	0	-1	1
TEST_00000038.1	0	-1	1	0
TEST_00000039.1	-1	1	0	-1
TEST_00000040.1	1	0	-1	1
TEST_00000041.1	0	-1	1	0
TEST_00000042.1	-1	1	0	-1
TEST_00000043.1	1	0	-1	1
TEST_00000044.1	0	-1	1	0
TEST_00000045.1	-1	1	0	-1
TEST_00000046.1	1	0	-1	1
TEST_00000047.1	0	-1	1	0
TEST_00000048.1	-1	1	0	-1
TEST_00000049.1	1	0	-1	1
TEST_00000050.1	0	-1	1	0
TEST_00000051.1	-1	1	0	-1
TEST_00000052.1	1	0	-1	1
TEST_00000053.1	0	-1	1	0
TEST_00000054.1	-1	1	0	-1
TEST_00000055.1	1	0	-1	1
TEST_00000056.1	0	-1	1	0
TEST_00000057.1	-1	1	0	-1
TEST_00000058.1	1	0	-1	1
TEST_00000059.1	0	-1	1	0
TEST_00000060.1	-1	1	0	-1
TEST_00000061.1	1	0	-1	1
TEST_00000062.1	0	-1	1	0
TEST_00000063.1	-1	1	0	-1
TEST_00000064.1	1	0	-1	1
TEST_00000065.1	0	-1	1	0
TEST_00000066.1	-1	1	0	-1
TEST_00000067.1	1	0	-1	1
TEST_00000068.1	0	-1	1	0
TEST_00000069.1	-1	1	0	-1
TEST_00000070.1	1	0	-1	1
TEST_00000071.1	0	-1	1	0
TEST_00000072.1	-1	1	0	-1
TEST_00000073.1	1	0	-1	1
TEST_00000074.1	0	-1	1	0
TEST_00000075.1	-1	1	0	-1
TEST_00000076.1	1	0	-1	1
TEST_00000077.1	0	-1	1	0
TEST_00000078.1	-1	1	0	-1
TEST_00000079.1	1	0	-1	1
TEST_00000080.1	0	-1	1	0
TEST_00000081.1	-1	1	0	-1
TEST_00000082.1	1	0	-1	1
TEST_00000083.1	0	-1	1	0
TEST_00000084.1	-1	1	0	-1
TEST_00000085.1	1	0	-1	1
TEST_00000086.1	0	-1	1	0
TEST_00000087.1	-1	1	0	-1
TEST_00000088.1	1	0	-1	1
TEST_00000089.1	0	-1	1	0
TEST_00000090.1	-1	1	0	-1
TEST_00000091.1	1	0	-1	1
TEST_00000092.1	0	-1	1	0
TEST_00000093.1	-1	1	0	-1
TEST_00000094.1	1	0	-1	1
TEST_00000095.1	0	-1	1	0
TEST_00000096.1	-1	1	0	-1
TEST_00000097.1	1	0	-1	1
TEST_00000098.1	0	-1	1	0
TEST_00000099.1	-1	1	0	-1
TEST_00000100.1	1	0	-1	1
TEST_00000101.1	0	-1	1	0
TEST_00000102.1	-1	1	0	-1
TEST_00000103.1	1	0	-1	1
TEST_00000104.1	0	-1	1	0
TEST_00000105.1	-1	1	0	-1
TEST_00000106.1	1	0	-1	1
TEST_00000107.1	0	-1	1	0
TEST_00000108.1	-1	1	0	-1
TEST_00000109.1	1	0	-1	1
TEST_00000110.1	0	-1	1	0
TEST_00000111.1	-1	1	0	-1
TEST_00000112.1	1	0	-1	1
TEST_00000113.1	0	-1	1	0
TEST_00000114.1	-1	1	0	-1
TEST_00000115.1	1	0	-1	1
TEST_00000116.1	0	-1	1	0
TEST_00000117.1	-1	1	0	-1
TEST_00000118.1	1	0	-1	1
TEST_00000119.1	0	-1	1	0
TEST_00000120.1	-1	1	0	-1
TEST_00000121.1	1	0	-1	1
TEST_00000122.1	0	-1	1	0
TEST_00000123.1	-1	1	0	-1
TEST_00000124.1	1	0	-1	1
TEST_00000125.1	0	-1	1	0
TEST_00000126.1	-1	1	0	-1
TEST_00000127.1	1	0	-1	1
TEST_00000128.1	0	-1	1	0
TEST_00000129.1	-1	1	0	-1
TEST_00000130.1	1	0	-1	1
TEST_00000131.1	0	-1	1	0
TEST_00000132.1	-1	1	0	-1
TEST_00000133.1	1	0	-1	1
TEST_00000134.1	0	-1	1	0
TEST_00000135.1	-1	1	0	-1
TEST_00000136.1	1	0	-1	1
TEST_00000137.1	0	-1	1	0
TEST_00000138.1	-1	1	0	-1
TEST_00000139.1	1	0	-1	1
TEST_00000140.1	0	-1	1	0
TEST_00000141.1	-1	1	0	-1
TEST_00000142.1	1	0	-1	1
TEST_00000143.1	0	-1	1	0
TEST_00000144.1	-1	1	0	-1
TEST_00000145.1	1	0	-1	1
TEST_00000146.1	0	-1	1	0
TEST_00000147.1	-1	1	0	-1
TEST_00000148.1	1	0	-1	1
TEST_00000149.1	0	-1	1	0
TEST_00000150.1	-1	1	0	-1
TEST_00000151.1	1	0	-1	1
TEST_00000152.1	0	-1	1	0
TEST_00000153.1	-1	1	0	-1
TEST_00000154.1	1	0	-1	1
TEST_00000155.1	0	-1	1	0
TEST_00000156.1	-1	1	0	-1
TEST_00000157.1	1	0	-1	1
TEST_00000158.1	0	-1	1	0
TEST_00000159.1	-1	1	0	-1
TEST_00000160.1	1	0	-1	1
TEST_00000161.1	0	-1	1	0
TEST_00000162.1	-1	1	0	-1
TEST_00000163.1	1	0	-1	1
TEST_00000164.1	0	-1	1	0
TEST_00000165.1	-1	1	0	-1
TEST_00000166.1	1	0	-1	1
TEST_00000167.1	0	-1	1	0
TEST_00000168.1	-1	1	0	-1
TEST_00000169.1	1	0	-1	1
TEST_00000170.1	0	-1	1	0
TEST_00000171.1	-1	1	0	-1
TEST_00000172.1	1	0	-1	1
TEST_00000173.1	0	-1	1	0
TEST_00000174.1	-1	1	0	-1
TEST_00000175.1	1	0	-1	1
TEST_00000176.1	0	-1	1	0
TEST_00000177.1	-1	1	0	-1
TEST_00000178.1	1	0	-1	1
TEST_00000179.1	0	-1	1	0
TEST_00000180.1	-1	1	0	-1
TEST_00000181.1	1	0	-1	1
TEST_00000182.1	0	-1	1	0
TEST_00000183.1	-1	1	0	-1
TEST_00000184.1	1	0	-1	1
TEST_00000185.1	0	-1	1	0
TEST_00000186.1	-1	1	0	-1
TEST_00000187.1	1	0	-1	1
TEST_00000188.1	0	-1	1	0
TEST_00000189.1	-1	1	0	-1
TEST_00000190.1	1	0	-1	1
TEST_00000191.1	0	-1	1	0
TEST_00000192.1	-1	1	0	-1
TEST_00000193.1	1	0	-1	1
TEST_00000194.1	0	-1	1	0
TEST_00000195.1	-1	1	0	-1
TEST_00000196.1	1	0	-1	1
